   03684671211      4   6       1   52            52      
   03684671211      4   6       2   24            24      
   03684671211      4   6       6   24            24      
   03684671211      4   7       1   52            52      
   03684671211      4   7       2   24            24      
   03684671211      4   7       6   24            24      
   03684671211      4   8       1   52            52      
   03684671211      4   8       2   24            24      
   03684671211      4   8       6   24            24      
   03684671211      9   1       1   68            68      
   03684671211      9   1       2   32            32      
   03684671211      9   2       1   68            68      
   03684671211      9   2       2   32            32      
   03684671211      9   3       1   68            68      
   03684671211      9   3       2   32            32      
   03684671211      9   4       1   68            68      
   03684671211      9   4       2   32            32      
   03684671211      9   5       1   68            68      
   03684671211      9   5       2   32            32      
   03684671211      9   6       1   68            68      
   03684671211      9   6       2   32            32      
   03684671211      9   7       1   68            68      
   03684671211      9   7       2   32            32      
   03684671211      9   8       1   68            68      
   03684671211      9   8       2   32            32      
