   03684671211      1   1       4773146.65  5271172.75                                      498026.10               498026.10   
   03684671211      1   6       706010.10   1040819.94  286                                 334523.84               334523.84   
   03684671211      2   1       2327553.48  2388741.83                                      61188.35                61188.35    
   03684671211      2   6       330129.59   521015.34   132                                 190753.75               190753.75   
   03684671211      3   1       366878.11   422950.87                                       56072.76                56072.76    
   03684671211      3   6       56048.27    59380.56                                        3332.29                 3332.29     
   03684671211      4   1       1263110.04  138935.66                           1124174.38              1124174.38              
   03684671211      4   6       223465.83   2820.86                             220644.97               220644.97               
   03684671211      6   6       48972.99    70730.89    132                                 21625.90                21625.90    
   03684671211      9   6       550                                             550                                             
