   0120251200012  3            100
   0120251200032  1            100
   0120251200052  4            100
   0120251200072  1            100
   0120251200092  1             52
   0120251200092  2             24
   0120251200092  6             24
   0120251200112  3            100
   0120251200113  1         523.13
   0120251200113  2         246.18
   0120251200113  4         274.58
   0120251200113  6         281.97
   0120251200132  1         706.89
   0120251200132  2         670.72
   0120251200132  3         111.63
   0120251200152  1         886.49
   0120251200152  2        5612.39
   0120251200172  4            100
   0120251200182  4            100
   0120251200183  4            100
   0120251200184  4            100
   0120251200192  4            100
   0120251200212  4            100
   0120251200213  4            100
   0120251200222  4            100
   0120251200271  4            100
   0120251200292  4            100
   0120251200295  4            100
   0120251200298  4            100
   0120251200302  4            100
   0120251200312  1            100
   0120251200332  6            100
   0120251200342  2            100
   0120251200362  1             68
   0120251200362  2             32
   0120251200382  1         411.12
   0120251200382  2         344.91
   0120251200402  6            100
   0120251200412  4            100
   0120251200432  6            100
   0120251200452  1            100
   0120251200472  2            100
   0120251200492  1            100
   0120251200521  4            100
   0120251200532  4            100
   0120251200561  4            100
   0120251200571  4            100
   0120251200572  4            100
   0120251200581  4            100
   0120251200582  4            100
   0120251200592  6            100
   0120251200602  4            100
   0120251200622  1            100
   0120251200623  1            100
   0120251200632  2            100
   0120251200633  3            100
   0120251200652  1          12187
   0120251200652  2        1536.44
   0120251200652  3         315.93
   0120251200652  6        1213.33
   0120251200662  4            100
   0120251200691  4            100
   0120251200712  1            100
   0120251200732  1            100
   0120251200733  1            100
   0120251200752  2            100
   0120251200772  1             68
   0120251200772  2             32
   0120251200792  1             68
   0120251200792  2             32
   0120251200812  2            100
   0120251200813  2            100
   0120251200822  1            100
   0120251200842  1            100
   0120251200862  2            100
   0120251200882  3            100
   0120251200883  4            100
   0120251200902  1             68
   0120251200902  2             32
   0120251200912  4            100
   0120251200932  6            100
   0120251200942  3            100
   0120251200972  4            100
   0120251200981  4            100
   0120251201022  6            100
   0120251201042  1         270.14
   0120251201042  2         127.13
   0120251201042  3          82.71
   0120251201043  1         626.96
   0120251201043  2         203.97
   0120251201043  6             30
   0120251201062  2             50
   0120251201062  6             50
   0120251201063  2             50
   0120251201063  6             50
   0120251201064  2             50
   0120251201064  6             50
   0120251201072  4            100
   0120251201092  4            100
   0120251201112  2            100
   0120251201132  2            100
   0120251201133  1         567.07
   0120251201133  2         170.94
   0120251201152  6            100
   0120251201172  4            100
   0120251201192  4            100
   0120251201222  1             68
   0120251201222  2             32
   0120251201242  6            100
   0120251201262  6            100
   0120251201282  1            100
   0120251201292  1            100
   0120251201312  1             68
   0120251201312  2             32
   0120251201342  6            100
   0120251201362  6            100
   0120251201382  6            100
   0120251201402  6            100
   0120251201422  4            100
   0120251201442  6            100
   0120251201462  1             68
   0120251201462  2             32
   0120251201482  1       29865.93
   0120251201482  2          25402
   0120251201483  1           1320
   0120251201483  2           1850
   0120251201502  1       14800.80
   0120251201502  2           7215
   0120251201522  1             68
   0120251201522  2             32
   0120251201542  6            100
   0120251201562  1             68
   0120251201562  2             32
   0120251201582  1            100
   0120251201602  2            100
   0120251201621  4            100
   0120251201622  4            100
   0120251201631  4            100
   0120251201632  4            100
   0120251201641  4            100
   0120251201642  4            100
   0120251201652  4            100
   0120251201662  4            100
   0120251201672  4            100
   0120251201682  4            100
   0120251201692  4            100
   0120251201702  4            100
   0120251201712  4            100
   0120251201722  4            100
   0120251201732  4            100
   0120251201742  4            100
   0120251201751  4            100
   0120251201762  4            100
   0120251201772  6            100
   0120251201773  6            100
   0120251201774  6            100
   0120251201792  6            100
   0120251201793  6            100
   0120251201794  6            100
   0120251201812  2            100
   0120251201832  4            100
   0120251201861  4            100
   0120251201872  6            100
   0120251201873  6            100
   0120251201874  6            100
   0120251201892  4            100
   0120251201912  1             50
   0120251201912  2             50
   0120251201932  4            100
   0120251201952  1            100
   0120251201953  1        5323.50
   0120251201953  2        3615.10
   0120251201954  1            100
   0120251201955  1            100
   0120251201956  4            100
   0120251201957  2            100
   0120251201972  1            100
   0120251201992  1            100
   0120251202002  6            100
   0120251202022  4            100
   0120251202023  4            100
   0120251202052  4            100
   0120251202062  4            100
   0120251202072  1            100
   0120251202092  1            100
   0120251202112  1            100
   0120251202132  6            100
   0120251202133  6            100
   0120251202151  4            100
   0120251202181  4            100
   0120251202202  9            100
   0120251202222  3             88
   0120251202222  7             12
   0120251202242  4            100
   0120251202262  4            100
   0120251202272  3            100
   0120251202292  1            100
   0120251202322  3            100
   0120251202332  1        2221.54
   0120251202332  2        1223.70
   0120251202332  3         138.48
   0120251202332  4         162.36
   0120251202332  6         506.76
   0120251202332  7          14.76
   0120251202352  6            100
   0120251202372  4            100
   0120251202392  3            100
   0120251202393  3            100
   0120251202402  1            100
   0120251202422  2            100
   0120251202462  4            100
   0120251202472  4            100
   0120251202482  4            100
   0120251202502  3            100
   0120251202503  3            100
   0120251202522  1            100
   0120251202542  6            100
   0120251202562  2            100
   0120251202582  6            100
   0120251202602  4            100
   0120251202612  4            100
   0120251202622  4            100
   0120251202632  4            100
   0120251202642  4            100
   0120251202652  4            100
   0120251202662  4            100
   0120251202672  4            100
   0120251202682  4            100
   0120251202692  4            100
   0120251202702  4            100
   0120251202712  4            100
   0120251202722  4            100
   0120251202732  4            100
   0120251202742  4            100
   0120251202752  4            100
   0120251202762  4            100
   0120251202772  4            100
   0120251202782  4            100
   0120251202816  4            100
   0120251202817  4            100
   0120251202822  4            100
   0120251202823  4            100
   0120251202832  4            100
   0120251202852  4            100
   0120251202878  4            100
   0120251202892  6            100
   0120251202912  1            100
   0120251202932  6            100
   0120251202952  3            100
   0120251202972  1            100
   0120251202992  2            100
   0120251203012  2            100
   0120251203032  6            100
   0120251203052  4            100
   0120251203072  2            100
   0120251203092  4            100
   0120251203111  4            100
   0120251203122  1            100
   0120251203142  1            100
   0120251203162  6            100
   0120251203182  2            100
   0120251203202  1            100
   0120251203222  4            100
   0120251203232  4            100
   0120251203242  4            100
   0120251203252  4            100
   0120251203262  9            100
   0120251203263  9            100
   0120251203282  1            100
   0120251203302  2            100
   0120251203322  3            100
   0120251203341  4            100
   0120251203352  4            100
   0120251203392  4            100
   0120251203412  1            100
   0120251203432  4            100
   0120251203442  3            100
   0120251203462  6            100
   0120251203482  6            100
   0120251203492  6            100
   0120251203502  6            100
   0120251203512  6            100
   0120251203522  6            100
   0120251203532  6            100
   0120251203542  6            100
   0120251203552  6            100
   0120251203562  6            100
   0120251203762  6            100
   0120251203782  4            100
   0120251203792  3            100
   0120251203812  1         215.85
   0120251203812  2           2.18
   0120251203832  4            100
   0120251203833  4            100
   0120251203852  1            100
   0120251203872  1            100
   0120251203892  6            100
   0120251203912  6            100
   0120251203932  6            100
   0120251203952  6            100
   0120251203972  2            100
   0120251203992  4            100
   0120251204001  4            100
   0120251204012  4            100
   0120251204022  4            100
   0120251204023  4            100
   0120251204042  4            100
   0120251204062  4            100
   0120251204072  6            100
   0120251204082  6            100
   0120251204092  6            100
   0120251204112  1            100
   0120251204132  4            100
   0120251204141  4            100
   0120251204182  4            100
   0120251204202  6            100
   0120251204212  1            100
   0120251204232  2            100
   0120251204252  1            100
   0120251204292  6            100
   0120251204312  6            100
   0120251204332  1            100
   0120251204352  1            100
   0120251204372  3            100
   0120251204373  3            100
   0120251204422  4            100
   0120251204442  4            100
   0120251204451  4            100
   0120251204472  1           1000
   0120251204472  2           1000
   0120251204472  3            750
   0120251204472  4            350
   0120251204482  4            100
   0120251204483  4            100
   0120251204492  4            100
   0120251204512  1         160.71
   0120251204512  2          72.49
   0120251204512  6         398.93
   0120251204532  4            100
   0120251204533  4            100
   0120251204552  1            100
   0120251204572  1            100
   0120251204592  2            100
   0120251204612  2            100
   0120251204632  2            100
   0120251204652  2            100
   0120251204672  6            100
   0120251204692  6            100
   0120251204712  9            100
   0120251204761  4            100
   0120251204792  4            100
   0120251204802  4            100
   0120251204836  2            100
   0120251204837  2            100
   0120251204839  2            100
   01202512048310 2            100
   01202512048311 2            100
   01202512048318 2            100
   01202512048319 2            100
   0120251204846  1            100
   0120251204847  1            100
   0120251204849  1            100
   01202512048410 1            100
   01202512048411 1            100
   01202512048416 1            100
   01202512048418 1            100
   01202512048419 1            100
   01202512048421 1            100
   0120251204856  6            100
   0120251204857  6            100
   0120251204858  6            100
   01202512048513 6            100
   01202512048516 6            100
   01202512048517 6            100
   0120251204866  3            100
   0120251204867  3            100
   0120251204869  3            100
   01202512048610 3            100
   01202512048611 3            100
   01202512048614 3            100
   01202512048617 3            100
   01202512048618 3            100
   01202512048620 3            100
   0120251204876  4            100
   0120251204877  4            100
   0120251204879  4            100
   01202512048710 4            100
   01202512048711 4            100
   01202512048715 4            100
   01202512048717 4            100
   01202512048718 4            100
   01202512048720 4            100
   0120251204883  4            100
   0120251204884  4            100
   0120251204885  4            100
   0120251204886  4            100
   0120251204896  7            100
   0120251204897  7            100
   01202512048910 7            100
   01202512048911 7            100
   0120251204901  4            100
   0120251204904  4            100
   0120251204905  4            100
   0120251204911  1            100
   0120251204913  1            100
   0120251204915  1            100
   0120251204917  1            100
   0120251204919  1            100
   01202512049111 1            100
   0120251204921  2            100
   0120251204923  2            100
   0120251204925  2            100
   0120251204927  2            100
   0120251204929  2            100
   01202512049211 2            100
   0120251204931  4            100
   0120251204933  4            100
   0120251204935  4            100
   0120251204937  4            100
   0120251204939  4            100
   01202512049311 4            100
   0120251204941  3            100
   0120251204943  3            100
   0120251204945  3            100
   0120251204947  3            100
   0120251204949  3            100
   01202512049411 3            100
   0120251204951  6            100
   0120251204953  6            100
   0120251204955  6            100
   0120251204957  6            100
   0120251204959  6            100
   01202512049511 6            100
   0120251204961  7            100
   0120251204963  7            100
   0120251204965  7            100
   0120251204967  7            100
   0120251204969  7            100
   01202512049611 7            100
   0120251300012  1            100
   0120251300032  3            100
   0120251300052  6            100
   0120251300072  4            100
   0120251300092  6            100
   0120251300112  1            100
   0120251300113  1            100
   0120251300122  2            100
   0120251300123  2            100
   0120251300142  1         482.67
   0120251300142  2         349.68
   0120251300163  4            100
   0120251300172  1            100
   0120251300192  3              1
   0120251300193  1         752.64
   0120251300193  2         354.19
   0120251300212  3            100
   0120251300232  1         255.89
   0120251300232  2          32.75
   0120251300252  6            100
   0120251300332  4            100
   0120251300342  4            100
   0120251300352  4            100
   0120251300362  4            100
   0120251300371  4            100
   0120251300383  4            100
   0120251300392  6            100
   0120251300412  1         407.17
   0120251300412  2        5042.59
   0120251300431  4            100
   0120251300451  4            100
   0120251300472  1            100
   0120251300492  1            100
   0120251300493  1            100
   0120251300512  2            100
   0120251300532  9            100
   0120251300552  9            100
   0120251300572  2            100
   0120251300573  2            100
   0120251300592  1            100
   0120251300612  1            100
   0120251300632  2            100
   0120251300652  1       12906.01
   0120251300652  2        1868.35
   0120251300652  3         401.52
   0120251300652  6        1180.20
   0120251300672  1         379.53
   0120251300672  2         752.62
   0120251300673  1          23.82
   0120251300673  2          56.41
   0120251300673  3            125
   0120251300692  1            100
   0120251300712  9            100
   0120251300732  4            100
   0120251300752  4            100
   0120251300772  2            100
   0120251300792  1            100
   0120251300832  4            100
   0120251300842  4            100
   0120251300872  9            100
   0120251300892  3              1
   0120251300893  1          37.25
   0120251300893  2         118.94
   0120251300893  6          35.28
   0120251300912  3         543.20
   0120251300912  7         260.78
   0120251300913  4              1
   0120251300932  6            100
   0120251300952  6            100
   0120251300971  4            100
   0120251300982  4            100
   0120251300991  4            100
   0120251301002  6            100
   0120251301022  6            100
   0120251301032  6            100
   0120251301042  6            100
   0120251301062  6            100
   0120251301082  2             50
   0120251301082  6             50
   0120251301083  2             50
   0120251301083  6             50
   0120251301084  2             50
   0120251301084  6             50
   0120251301092  1        9259.30
   0120251301092  2        7425.34
   0120251301152  4            100
   0120251301172  6            100
   0120251301173  6            100
   0120251301182  1           2138
   0120251301182  2           1126
   0120251301183  1          20254
   0120251301183  2       27062.75
   0120251301202  1       13421.40
   0120251301202  2        8178.20
   0120251301222  6            100
   0120251301242  6            100
   0120251301262  6            100
   0120251301282  6            100
   0120251301302  6            100
   0120251301322  6            100
   0120251301342  6            100
   0120251301362  6            100
   0120251301382  1            100
   0120251301402  1            100
   0120251301422  4            100
   0120251301432  1            100
   0120251301452  6            100
   0120251301472  1            100
   0120251301491  4            100
   0120251301501  4            100
   0120251301542  9            100
   0120251301562  1            100
   0120251301582  6            100
   0120251301602  6            100
   0120251301622  6            100
   0120251301642  6            100
   0120251301662  6            100
   0120251301682  6            100
   0120251301702  6            100
   0120251301722  2            100
   0120251301742  6            100
   0120251301762  6            100
   0120251301782  6            100
   0120251301802  6            100
   0120251301822  6            100
   0120251301842  6            100
   0120251301862  1            100
   0120251301882  9            100
   0120251301902  1            100
   0120251301922  1            100
   0120251301962  3            100
   0120251301982  1            100
   0120251302002  2            100
   0120251302022  1            100
   0120251302042  2            100
   0120251302062  1            100
   0120251302092  4            100
   0120251302102  4            100
   0120251302112  4            100
   0120251302132  1            100
   0120251302152  2            100
   0120251302172  1            100
   0120251302173  1            100
   0120251302182  6            100
   0120251302183  6            100
   0120251302202  6            100
   0120251302212  6            100
   0120251302213  6            100
   0120251302214  6            100
   0120251302232  6            100
   0120251302233  6            100
   0120251302234  6            100
   0120251302252  4            100
   0120251302272  1            100
   0120251302292  2            100
   0120251302312  2            100
   0120251302332  1            100
   0120251302362  4            100
   0120251302372  4            100
   0120251302392  4            100
   0120251302412  1            100
   0120251302413  1            100
   0120251302414  2            100
   0120251302415  2            100
   0120251302432  6            100
   0120251302433  6            100
   0120251302452  4            100
   0120251302453  4            100
   0120251302462  1       14925.18
   0120251302462  2        8312.50
   0120251302462  3        1386.52
   0120251302462  4        2110.68
   0120251302462  6        7758.84
   0120251302462  7         267.32
   0120251302481  4            100
   0120251302502  4            100
   0120251302512  1            100
   0120251302532  4            100
   0120251302542  4            100
   0120251302562  4            100
   0120251302582  1         470.22
   0120251302582  2         470.22
   0120251302602  4            100
   0120251302622  4            100
   0120251302623  4            100
   0120251302632  4            100
   0120251302642  4            100
   0120251302652  4            100
   0120251302662  4            100
   0120251302672  4            100
   0120251302692  2            100
   0120251302712  4            100
   0120251302732  4            100
   0120251302772  4            100
   0120251302782  2            100
   0120251302802  1            100
   0120251302852  4            100
   0120251302853  4            100
   0120251302861  4            100
   0120251302871  4            100
   0120251302883  4            100
   0120251302887  4            100
   0120251302888  4            100
   0120251302891  4            100
   0120251302902  4            100
   0120251302922  1            100
   0120251302942  1            100
   0120251302992  4            100
   0120251303002  4            100
   0120251303022  1            100
   0120251303042  6            100
   0120251303062  6            100
   0120251303082  1            100
   0120251303102  1            100
   0120251303122  7            100
   0120251303142  4            100
   0120251303152  4            100
   0120251303162  4            100
   0120251303172  4            100
   0120251303182  4            100
   0120251303192  4            100
   0120251303202  4            100
   0120251303212  4            100
   0120251303222  4            100
   0120251303232  4            100
   0120251303242  4            100
   0120251303252  4            100
   0120251303261  4            100
   0120251303262  4            100
   0120251303272  4            100
   0120251303282  4            100
   0120251303292  4            100
   0120251303293  4            100
   0120251303301  4            100
   0120251303311  4            100
   0120251303313  4            100
   0120251303322  4            100
   0120251303332  4            100
   0120251303342  4            100
   0120251303352  4            100
   0120251303362  4            100
   0120251303372  4            100
   0120251303382  4            100
   0120251303392  4            100
   0120251303402  4            100
   0120251303412  4            100
   0120251303422  4            100
   0120251303432  4            100
   0120251303442  4            100
   0120251303452  4            100
   0120251303462  4            100
   0120251303472  4            100
   0120251303482  4            100
   0120251303491  6            100
   0120251303501  4            100
   0120251303512  4            100
   0120251303522  4            100
   0120251303532  4            100
   0120251303542  4            100
   0120251303552  4            100
   0120251303562  4            100
   0120251303572  4            100
   0120251303582  4            100
   0120251303602  4            100
   0120251303622  4            100
   0120251303632  4            100
   0120251303642  4            100
   0120251303652  4            100
   0120251303662  4            100
   0120251303672  4            100
   0120251303682  4            100
   0120251303692  4            100
   0120251303702  4            100
   0120251303712  4            100
   0120251303722  4            100
   0120251303732  4            100
   0120251303742  4            100
   0120251303752  4            100
   0120251303762  4            100
   0120251303772  4            100
   0120251303782  4            100
   0120251303792  4            100
   0120251303802  4            100
   0120251303812  4            100
   0120251303822  4            100
   0120251303832  4            100
   0120251303842  4            100
   0120251303852  4            100
   0120251303862  4            100
   0120251303872  4            100
   0120251303882  4            100
   0120251303892  4            100
   0120251303902  4            100
   0120251303912  4            100
   0120251303932  4            100
   0120251303942  4            100
   0120251303952  6            100
   0120251303953  6            100
   0120251303972  1            100
   0120251304002  4            100
   0120251304012  4            100
   0120251304022  4            100
   0120251304032  4            100
   0120251304042  4            100
   0120251304052  4            100
   0120251304062  4            100
   0120251304072  4            100
   0120251304082  4            100
   0120251304092  4            100
   0120251304102  4            100
   0120251304112  4            100
   0120251304122  4            100
   0120251304132  4            100
   0120251304142  4            100
   0120251304152  4            100
   0120251304162  4            100
   0120251304172  4            100
   0120251304182  4            100
   0120251304192  4            100
   0120251304202  4            100
   0120251304212  4            100
   0120251304222  4            100
   0120251304232  4            100
   0120251304242  4            100
   0120251304252  4            100
   0120251304262  4            100
   0120251304272  4            100
   0120251304282  4            100
   0120251304292  4            100
   0120251304302  4            100
   0120251304312  4            100
   0120251304322  4            100
   0120251304332  4            100
   0120251304342  4            100
   0120251304352  4            100
   0120251304362  4            100
   0120251304372  4            100
   0120251304382  4            100
   0120251304391  4            100
   0120251304402  1            100
   0120251304422  2            100
   0120251304442  1            210
   0120251304442  2            148
   0120251304443  4            100
   0120251304452  4            100
   0120251304502  1         238.54
   0120251304502  2           1.06
   0120251304522  4            100
   0120251304542  4            100
   0120251304562  6            100
   0120251304582  1            100
   0120251304602  4            100
   0120251304603  4            100
   0120251304612  4            100
   0120251304622  3            100
   0120251304642  2            100
   0120251304662  1            100
   0120251304692  4            100
   0120251304702  6            100
   0120251304703  6            100
   0120251304722  6            100
   0120251304732  1             68
   0120251304732  2             32
   0120251304752  6            100
   0120251304772  4            100
   0120251304773  4            100
   0120251304792  4            100
   0120251304811  4            100
   0120251304822  4            100
   0120251304832  4            100
   0120251304852  6            100
   0120251304853  6            100
   0120251304872  4            100
   0120251304902  4            100
   0120251304922  4            100
   0120251304932  4            100
   0120251304933  4            100
   0120251304942  1            100
   0120251304943  1            100
   0120251304962  4            100
   0120251304992  4            100
   0120251305002  1         219.12
   0120251305002  2          49.33
   0120251305002  6         437.12
   0120251305022  4            100
   0120251305042  1            100
   0120251305062  1            100
   0120251305082  2            100
   0120251305102  2            100
   0120251305122  7            100
   0120251305142  6            100
   0120251305162  6            100
   0120251305182  4            100
   0120251305183  4            100
   0120251305192  4            100
   0120251305212  4            100
   0120251305232  1           1000
   0120251305232  2           1000
   0120251305232  3            750
   0120251305232  4            350
   0120251305242  4            100
   0120251305243  4            100
   0120251305252  3            100
   0120251305272  4            100
   0120251305292  4            100
   0120251305312  4            100
   0120251305332  3            100
   0120251305372  4            100
   0120251305392  6            100
   0120251305412  6            100
   0120251305432  1            100
   0120251305452  4            100
   0120251305471  1            100
   0120251305472  9            100
   0120251305473  9            100
   0120251305474  2            100
   0120251305475  1            100
   0120251305476  2              1
   0120251305477  9              1
   0120251305478  3              1
   0120251305479  2              1
   01202513054710 1              1
   01202513054711 6              1
   01202513054712 9              1
   01202513054713 9              1
   01202513054714 6              1
   01202513054715 6              1
   01202513054716 6              1
   01202513054717 6              1
   01202513054718 6              1
   01202513054719 6              1
   01202513054720 6              1
   01202513054721 2              1
   01202513054722 1              1
   01202513054723 9              1
   01202513054724 1              1
   01202513054725 6              1
   01202513054726 6              1
   01202513054727 6              1
   01202513054728 6              1
   01202513054729 1              1
   01202513054730 1              1
   01202513054731 1              1
   01202513054732 1              1
   01202513054733 2              1
   01202513054734 6              1
   01202513054735 6              1
   01202513054736 1              1
   01202513054737 1              1
   01202513054738 2              1
   01202513054739 1              1
   01202513054740 1              1
   01202513054741 2              1
   01202513054742 1              1
   01202513054743 9              1
   01202513054744 1              1
   01202513054745 3              1
   01202513054746 3              1
   01202513054747 1              1
   01202513054748 1              1
   01202513054749 1              1
   01202513054750 2              1
   01202513054751 9              1
   01202513054752 6              1
   01202513054753 9              1
   01202513054754 1              1
   01202513054755 2              1
   01202513054756 6              1
   01202513054757 1              1
   01202513054758 2              1
   01202513054759 1              1
   01202513054760 2              1
   01202513054761 1              1
   01202513054762 1              1
   01202513054763 2              1
   01202513054764 2              1
   01202513054765 1              1
   01202513054766 6              1
   01202513054767 2              1
   01202513054768 9              1
   01202513054769 1              1
   01202513054770 6              1
   01202513054771 2              1
   01202513054772 6              1
   01202513054773 9              1
   01202513054774 6              1
   01202513054775 6              1
   01202513054776 1              1
   01202513054777 1              1
   01202513054778 1              1
   01202513054779 1              1
   01202513054780 2              1
   01202513054781 2              1
   01202513054782 1              1
   01202513054783 1              1
   01202513054784 1              1
   01202513054785 2              1
   01202513054786 1              1
   01202513054787 2              1
   01202513054788 1              1
   01202513054789 1              1
   01202513054790 6              1
   01202513054791 1              1
   01202513054792 2              1
   01202513054793 6              1
   01202513054794 6              1
   01202513054795 3              1
   01202513054796 6              1
   01202513054797 6              1
   01202513054798 6              1
   01202513054799 6              1
   0120251305471006              1
   0120251305471011              1
   0120251305471026              1
   0120251305471031              1
   0120251305471046              1
   0120251305471056              1
   0120251305471061              1
   0120251305471079              1
   0120251305471089              1
   0120251305471094              1
   0120251305482  4            100
   0120251305484  4            100
   0120251305492  4            100
   0120251305502  4            100
   0120251305512  4            100
   0120251305522  4            100
   0120251305532  4            100
   0120251305552  4            100
   0120251305562  4            100
   0120251305572  4            100
   0120251305582  4            100
   0120251305592  4            100
   0120251305602  4            100
   0120251305612  4            100
   0120251305622  4            100
   0120251305632  4            100
   0120251305642  4            100
   0120251305652  4            100
   0120251305662  4            100
   0120251305672  4            100
   0120251305682  4            100
   0120251305692  4            100
   0120251305702  4            100
   0120251305712  4            100
   0120251305722  4            100
   0120251305732  4            100
   0120251305742  4            100
   0120251305752  4            100
   0120251305762  4            100
   0120251305772  4            100
   0120251305782  4            100
   0120251305792  4            100
   0120251305811  4            100
   0120251305841  4            100
   0120251305862  1        1135.20
   0120251305862  2        1184.15
   0120251305872  1            100
   0120251305882  1            100
   0120251305892  1       12048.94
   0120251305892  2        7077.34
   0120251305902  4            100
   0120251305921  4            100
   0120251305931  4            100
   0120251305942  4            100
   0120251305966  2            100
   0120251305967  2            100
   0120251305969  2            100
   01202513059610 2            100
   01202513059611 2            100
   01202513059617 2            100
   01202513059619 2            100
   01202513059620 2            100
   01202513059621 2            100
   0120251305976  1            100
   0120251305977  1            100
   0120251305979  1            100
   01202513059710 1            100
   01202513059711 1            100
   01202513059716 1            100
   01202513059718 1            100
   01202513059720 1            100
   01202513059721 1            100
   01202513059722 1            100
   0120251305986  6            100
   0120251305987  6            100
   0120251305988  6            100
   01202513059813 6            100
   01202513059816 6            100
   01202513059818 6            100
   01202513059819 6            100
   0120251305996  3            100
   0120251305997  3            100
   0120251305999  3            100
   01202513059910 3            100
   01202513059911 3            100
   01202513059914 3            100
   01202513059916 3            100
   01202513059918 3            100
   01202513059919 3            100
   01202513059920 3            100
   0120251306006  4            100
   0120251306007  4            100
   0120251306009  4            100
   01202513060010 4            100
   01202513060011 4            100
   01202513060015 4            100
   01202513060016 4            100
   01202513060018 4            100
   01202513060019 4            100
   01202513060020 4            100
   0120251306013  4            100
   0120251306014  4            100
   0120251306015  4            100
   0120251306016  4            100
   0120251306026  7            100
   0120251306027  7            100
   0120251306029  7            100
   01202513060211 7            100
   01202513060212 7            100
   0120251306031  9              1
   0120251306033  9              1
   0120251306035  1              1
   0120251306036  9              1
   0120251306037  4              1
   0120251306038  3              1
   0120251306039  6              1
   0120251306041  1            100
   0120251306043  1            100
   0120251306045  1            100
   0120251306051  4            100
   0120251306053  4            100
   0120251306055  4            100
   0120251306057  4              1
   0120251306061  4            100
   0120251306071  1            100
   0120251306073  1            100
   0120251306075  1            100
   0120251306077  1            100
   0120251306079  1            100
   01202513060711 1            100
   0120251306081  2            100
   0120251306083  2            100
   0120251306085  2            100
   0120251306087  2            100
   0120251306089  2            100
   01202513060811 2            100
   0120251306091  4            100
   0120251306093  4            100
   0120251306095  4            100
   0120251306097  4            100
   0120251306099  4            100
   01202513060911 4            100
   0120251306101  3            100
   0120251306103  3            100
   0120251306105  3            100
   0120251306107  3            100
   0120251306109  3            100
   01202513061011 3            100
   0120251306111  6            100
   0120251306113  6            100
   0120251306115  6            100
   0120251306117  6            100
   0120251306119  6            100
   01202513061111 6            100
   0120251306121  7            100
   0120251306123  7            100
   0120251306125  7            100
   0120251306127  7            100
   0120251306129  7            100
   01202513061211 7            100
   0120251306131  3              1
   0120251306132  3              1
   0120251306133  1       14531.38
   0120251306133  2        3737.23
   0120251306134  6              1
   0120251306135  1       40537.93
   0120251306135  2       25533.38
   0120251306135  6       22675.18
   0120251306137  1              1
   0120251306138  1              1
   01202513061310 1        9037.05
   01202513061310 2        8348.46
   01202513061310 6        5404.95
   01202513061312 1         770.80
   01202513061312 2           2692
   01202513061313 1              1
   01202513061314 1              1
   0120251306142  4            100
